50.0
17.755769034350674
4.208793056597254
0.8483476562762211
0.1663606270417094
0.03286867538548998
0.006588948714575312
0.0013418092780538159
0.0002776222571848762
5.835256258449075e-05
1.2458740544116795e-05
2.7007049197328648e-06
5.954309117114377e-07
1.3374592077842663e-07
2.991403711591906e-08
6.998943857904255e-09
2.0659308412541644e-09
-5.6836866059466684e-09
-1.382403778930796e-08
-3.1530555948319767e-09
-6.909079689499118e-10
-2.198173041941031e-10
2.1339603842501073e-09
5.546260921197249e-09
5.157569534521149e-09
7.028949467139871e-10
2.656119736843801e-10
-8.300392999432667e-10
-5.312061140042431e-09
-9.486510494401204e-09
-6.701170834698001e-09
1.6465646243035199e-09
2.269197874265262e-12
1.1041110442907846e-10
3.2668948548948916e-11
3.7856625037755836e-12
2.8546497841156774e-12
-4.912538607271141e-12
-1.0400036008693973e-11
-3.04694125150791e-12
5.94436599341187e-12
-4.059603493494727e-11
-2.4268745007670004e-10
-7.059293706492214e-10
-1.5647738333563772e-09
-1.9608604830276228e-09
-6.912823032650265e-11
8.464703406959598e-10
-1.0754954340151814e-09
-1.007673637135283e-09
1.0611642771328535e-11
-4.3200029408942114e-11
-1.1062471601821355e-11
-4.197664501079771e-12
-7.703892265211592e-12
-7.362141541109615e-11
-1.3815809991224666e-10
-1.259008259364318e-10
-1.473184647155349e-11
8.297354687805045e-11
-6.517368459879617e-11
-7.659263555803591e-10
-2.435356103617036e-09
-5.366408763918785e-09
-3.974390702760378e-09
7.262181713195077e-10
-1.6585802415830886e-10
-2.3990698900963465e-09
3.660090487363692e-10
1.6036043178881977e-10
5.249287127920382e-11
4.725536510338613e-11
5.13621431261569e-14
8.983746877253298e-12
-2.1430820160019013e-11
-5.6013090047962545e-11
-3.8432849364721355e-11
4.4450006195861515e-12
5.287887189086422e-12
-1.3629439324033412e-10
-5.519503574135033e-10
-1.420302615129013e-09
-2.7316215521973948e-09
-1.6719782411643428e-09
-1.2163893990081777e-11
-4.748649742365361e-10
-6.194263171995388e-10
2.034434644375257e-10
4.941826320787136e-11
-1.0225307256766218e-11
2.590916106413531e-11
-1.5277414586849898e-12
4.256877081652883e-13
1.3589057539779365e-12
-2.0770749553692765e-11
-8.72376547530704e-11
-2.2091078598118355e-10
-4.20796524034656e-10
-6.623737708908139e-10
-9.232841740805218e-10
