120.0
151.1975346067213
163.25486985151713
164.99095810764945
164.03113734706986
162.5324712811244
160.94152343846216
159.34537555120178
157.76092681679052
156.19139866497014
154.63731418450806
153.09865696057605
151.57530197705347
150.06710298536368
148.5739103625208
147.09557472445277
145.63194990670874
144.18288902461236
142.74824537781393
141.32787613613317
139.92163839643743
138.52939787182734
137.1510075179277
135.78633226600635
134.4352322226938
133.09758198428597
131.77323740608546
130.462075097786
129.16395586772353
127.8787531226664
126.60633834865706
125.34658428858653
124.09936494120444
122.86455563266458
121.64203288251424
120.43167443693139
119.2333592588638
118.04696756329545
116.87238066294711
115.70948109705303
114.55815257461352
113.41828007550026
112.28974960005408
111.1724480731345
110.06626374818082
108.97108611964974
107.88680569714907
106.81331404288143
105.75050381201584
104.698268717635
103.65650354133909
102.62510410384475
101.603967262804
100.59299090294577
99.59207399353949
98.60111638562348
97.62001899683112
96.64868369360619
95.68701331250259
94.73491170985558
93.79228379310578
92.85903514136086
91.93507232138626
91.02030305095404
90.1146359066541
89.2179802929082
88.33024655700191
87.45134591318659
86.58119048860077
85.71969325649265
84.8667680668522
84.02232962366051
83.18629348560236
82.35857604974876
81.53909458969554
80.72776710908329
79.92451246231616
79.12925032933457
78.34190119796659
77.56238643712103
76.7906279383968
76.02654845111284
75.27007164866328
74.52112192178237
73.77962436831069
73.04550484014679
72.31868992047109
71.59910693790397
70.88668393214827
70.18134965275219
69.48303357020947
68.79166584948563
68.10717735523602
67.42949963166491
66.75856498340151
66.09430622982687
65.4366569063661
64.78555121744056
64.14092403798291
63.50271102957611
